# Respuestas 

### Operaciones 
## 1

2+2

3-3

3*3

3/3

3^2

(3*3)-3

( (3*3) / (3 - 2^(4-2))) + 4

2^3

(-2)^2


### Variables
## 1

perro <- 5
gato <- 10
simio <- 2 * gato
mamifero <- (simio - gato) / perro^2

mamifero


## 2

x <- 44
y <- x^2
z <- (2 * y - 80)/y
z
